TTM SQUEEZE ROUND 5 (compression as a dial + verification timeframe + pooling)
window 2010-06-07..2026-06-30, lockbox from 2025-07-01, house costs, one contract

== ES base 30m   control: ratio<=1.0 matches the round-4 squeeze gate on 52861 of 52861 bars
entry    gate  len  thr   trades   WR%     PF       net $   maxDD $    MAR |        LB $  LB PF  yrs+
carter   60m   14   0.85     588  46.9   1.32      33,468    12,670   2.64 |       7,466   1.89 12/5 
carter   60m   14   1.00     782  45.9   1.20      29,762    14,569   2.04 |       8,165   1.63 11/6 
carter   60m   14   1.15     865  44.5   1.08      14,258    16,081   0.89 |       3,499   1.18  8/9 
carter   60m   14   1.30     929  44.1   1.07      12,846    20,741   0.62 |        -956   0.96  7/10
carter   60m   14   1.50     966  44.5   1.08      15,245    19,289   0.79 |      -2,468   0.91  7/10
carter   60m   20   0.85     167  53.9   2.78      36,376     2,286  15.91 |       4,422   4.22 14/3 
carter   60m   20   1.00     314  51.6   2.06      45,790     3,896  11.75 |       5,140   2.31 14/3 
carter   60m   20   1.15     434  47.0   1.60      42,904     7,228   5.94 |       5,174   1.55 14/3 
carter   60m   20   1.30     537  46.4   1.46      41,865     6,527   6.41 |       5,640   1.49 13/4 
carter   60m   20   1.50     656  46.0   1.34      39,722     7,067   5.62 |       8,032   1.54 13/4 
carter   60m   26   0.85      51  51.0   3.10      14,121     2,583   5.47 |       1,119  99.00  9/7 
carter   60m   26   1.00     126  50.8   2.14      19,562     3,656   5.35 |       4,115  99.00 12/5 
carter   60m   26   1.15     231  46.3   1.59      22,019     3,785   5.82 |       6,078   3.04 11/6 
carter   60m   26   1.30     325  44.3   1.47      24,917     3,157   7.89 |       5,787   2.31 14/3 
carter   60m   26   1.50     439  45.3   1.42      30,053     4,197   7.16 |       6,116   1.90 13/4 
carter   120m  14   0.85     243  50.6   1.85      28,011     3,228   8.68 |       7,580   6.14 12/5 
carter   120m  14   1.00     370  44.6   1.42      24,711     4,427   5.58 |       6,832   2.52 11/6 
carter   120m  14   1.15     492  46.7   1.45      36,884     6,341   5.82 |       2,666   1.26 14/3 
carter   120m  14   1.30     589  46.3   1.35      37,350     7,040   5.31 |       4,590   1.33 12/5 
carter   120m  14   1.50     706  46.3   1.32      40,119    10,817   3.71 |        -982   0.95 14/3 
carter   120m  20   0.85      85  48.2   1.34       4,152     3,120   1.33 |       1,478   2.00 10/7 
carter   120m  20   1.00     175  43.4   1.20       6,139     8,361   0.73 |       4,785   4.25  8/9 
carter   120m  20   1.15     274  40.9   1.12       5,611     6,917   0.81 |       2,109   1.31  9/8 
carter   120m  20   1.30     363  42.1   1.18      12,084     7,019   1.72 |       2,904   1.30 10/7 
carter   120m  20   1.50     489  43.4   1.26      22,866     8,808   2.60 |        -331   0.98  9/8 
carter   120m  26   0.85      17  64.7   2.16       1,266       686   1.85 |           0   0.00  5/4 
carter   120m  26   1.00      63  41.3   0.98        -248     2,442  -0.10 |         -99   0.92  7/8 
carter   120m  26   1.15     125  42.4   1.26       4,997     3,333   1.50 |         541   1.22 10/7 
carter   120m  26   1.30     200  40.5   1.19       6,087     4,209   1.45 |         475   1.10 11/6 
carter   120m  26   1.50     319  42.9   1.28      15,129     7,146   2.12 |       4,263   1.55 10/7 
break    60m   14   0.85     420  52.6   1.22      23,158    11,708   1.98 |       6,195   1.95 11/6 
break    60m   14   1.00     570  51.6   1.13      19,721    11,407   1.73 |       6,318   1.58 10/7 
break    60m   14   1.15     635  49.9   1.01       2,260    16,016   0.14 |       2,124   1.13  8/9 
break    60m   14   1.30     682  50.3   1.04       6,725    18,694   0.36 |        -133   0.99  8/9 
break    60m   14   1.50     710  50.8   1.11      21,783    14,942   1.46 |        -727   0.96  9/8 
break    60m   20   0.85     122  57.4   2.19      27,454     4,901   5.60 |       3,933  99.00 11/6 
break    60m   20   1.00     240  54.2   1.66      31,769     4,196   7.57 |       3,850   2.33 13/4 
break    60m   20   1.15     322  51.6   1.25      20,474     6,856   2.99 |       2,989   1.40 12/5 
break    60m   20   1.30     399  53.4   1.32      29,917     7,217   4.15 |       5,887   1.71 11/6 
break    60m   20   1.50     481  54.5   1.38      41,097     7,347   5.59 |       7,624   1.63 14/3 
break    60m   26   0.85      38  60.5   2.47      10,955     3,484   3.14 |         319  99.00 11/5 
break    60m   26   1.00      93  53.8   1.67      12,033     4,598   2.62 |       2,758  99.00 11/6 
break    60m   26   1.15     170  49.4   1.24       9,256     5,688   1.63 |       4,329   3.88  8/9 
break    60m   26   1.30     236  51.7   1.25      13,330     6,193   2.15 |       5,118   3.73 10/7 
break    60m   26   1.50     320  53.4   1.32      23,151     6,911   3.35 |       8,452   5.50 12/5 
break    120m  14   0.85     184  52.2   1.25      10,107     6,913   1.46 |       4,329   3.88  9/8 
break    120m  14   1.00     266  51.1   1.14       8,860     9,627   0.92 |       6,632   4.54  8/9 
break    120m  14   1.15     354  54.5   1.45      33,886     6,022   5.63 |       5,339   2.03 12/5 
break    120m  14   1.30     433  54.3   1.45      43,252     6,728   6.43 |       7,759   1.95 13/4 
break    120m  14   1.50     519  53.9   1.43      49,350     8,672   5.69 |       3,109   1.23 14/3 
break    120m  20   0.85      65  47.7   0.98        -209     3,390  -0.06 |       1,190   1.79  7/10
break    120m  20   1.00     127  49.6   1.08       2,260     7,091   0.32 |       4,010   3.66  8/9 
break    120m  20   1.15     200  50.5   1.30      11,900     4,512   2.64 |       4,344   2.90  8/9 
break    120m  20   1.30     267  52.1   1.33      18,728     5,492   3.41 |       7,008   4.07  9/8 
break    120m  20   1.50     355  51.8   1.33      25,952     6,728   3.86 |       2,075   1.23 12/5 
break    120m  26   0.85      14  50.0   2.05       1,083       493   2.20 |           0   0.00  5/4 
break    120m  26   1.00      46  47.8   0.93        -729     2,685  -0.27 |       1,169  99.00  7/8 
break    120m  26   1.15      91  48.4   1.29       5,097     4,189   1.22 |       1,790   3.76  9/8 
break    120m  26   1.30     141  48.2   1.17       4,767     4,577   1.04 |       1,804   1.72  8/9 
break    120m  26   1.50     234  50.4   1.21      10,943     5,072   2.16 |       5,002   2.38  9/8 

== NQ base 15m   control: ratio<=1.0 matches the round-4 squeeze gate on 105665 of 105665 bars
entry    gate  len  thr   trades   WR%     PF       net $   maxDD $    MAR |        LB $  LB PF  yrs+
carter   30m   14   0.85    1298  38.4   1.06      20,340    17,570   1.16 |      11,442   1.24  8/9 
carter   30m   14   1.00    1713  38.6   1.06      26,927    20,382   1.32 |       9,661   1.15  9/8 
carter   30m   14   1.15    1967  38.6   1.05      25,343    21,075   1.20 |      -2,492   0.97  7/10
carter   30m   14   1.30    2098  38.5   1.06      30,475    28,647   1.06 |       5,434   1.06 11/6 
carter   30m   14   1.50    2202  38.4   1.05      31,271    31,080   1.01 |      12,646   1.15 10/7 
carter   30m   20   0.85     492  38.0   1.26      31,093    10,882   2.86 |       3,351   1.16  9/8 
carter   30m   20   1.00     843  38.4   1.11      22,298    13,663   1.63 |        -617   0.98  7/10
carter   30m   20   1.15    1135  39.1   1.09      28,646    19,593   1.46 |       1,609   1.03  7/10
carter   30m   20   1.30    1332  39.6   1.11      37,234    19,524   1.91 |       4,684   1.08  8/9 
carter   30m   20   1.50    1564  38.7   1.09      38,089    19,305   1.97 |       4,856   1.07  8/9 
carter   30m   26   0.85     208  38.0   0.85      -9,233    19,055  -0.48 |       2,096   1.19  8/9 
carter   30m   26   1.00     465  38.5   0.93      -9,934    19,593  -0.51 |       3,396   1.12  7/10
carter   30m   26   1.15     706  39.4   1.14      26,513    24,366   1.09 |      13,472   1.40  9/8 
carter   30m   26   1.30     920  38.3   1.04       9,547    35,869   0.27 |      11,850   1.27  9/8 
carter   30m   26   1.50    1169  39.3   1.13      41,863    24,167   1.73 |       7,606   1.14  8/9 
carter   60m   14   0.85     731  38.3   0.99      -1,575    30,627  -0.05 |       6,480   1.17  7/10
carter   60m   14   1.00     991  39.1   1.06      17,391    19,055   0.91 |       1,886   1.04  9/8 
carter   60m   14   1.15    1242  40.4   1.21      67,709    23,537   2.88 |      15,537   1.28  9/8 
carter   60m   14   1.30    1451  39.7   1.17      63,138    21,509   2.94 |      11,572   1.19  8/9 
carter   60m   14   1.50    1679  39.2   1.16      69,227    22,725   3.05 |         625   1.01  8/9 
carter   60m   20   0.85     215  43.7   1.45      23,912     9,259   2.58 |          31   1.00 13/4 
carter   60m   20   1.00     424  41.7   1.69      62,461     6,385   9.78 |      10,896   1.73 11/6 
carter   60m   20   1.15     643  40.7   1.40      59,878     9,458   6.33 |      12,269   1.53  9/8 
carter   60m   20   1.30     832  39.3   1.29      56,903    10,136   5.61 |      10,807   1.38 11/6 
carter   60m   20   1.50    1144  40.4   1.18      51,056    20,584   2.48 |      -2,358   0.95  9/8 
carter   60m   26   0.85      84  35.7   1.48       7,300     4,804   1.52 |       2,823   1.93  9/8 
carter   60m   26   1.00     195  39.5   1.54      18,284     5,772   3.17 |       2,205   1.57 11/6 
carter   60m   26   1.15     320  40.9   1.84      50,737     7,043   7.20 |      16,221   3.91  9/8 
carter   60m   26   1.30     488  40.6   1.43      45,255     9,244   4.90 |      11,108   1.71  9/8 
carter   60m   26   1.50     749  41.1   1.20      37,673    15,041   2.50 |         198   1.01 10/7 
carter   120m  14   0.85     342  41.2   1.86      50,551     6,650   7.60 |      17,805   5.09  9/8 
carter   120m  14   1.00     561  39.0   1.23      29,139    13,560   2.15 |      10,889   1.66  8/9 
carter   120m  14   1.15     840  40.8   1.20      39,546    13,814   2.86 |       3,718   1.11 10/7 
carter   120m  14   1.30    1096  39.7   1.08      22,988    20,555   1.12 |      -3,784   0.91  8/9 
carter   120m  14   1.50    1438  40.4   1.11      40,623    22,525   1.80 |      -4,476   0.92  6/11
carter   120m  20   0.85     113  38.9   0.66      -7,868    13,173  -0.60 |       1,275   1.42  6/11
carter   120m  20   1.00     239  40.6   1.14       7,087    11,227   0.63 |       8,602   2.46  9/8 
carter   120m  20   1.15     421  39.9   0.97      -2,752    21,337  -0.13 |       3,150   1.20  6/11
carter   120m  20   1.30     624  39.3   0.87     -21,474    42,139  -0.51 |      -4,698   0.81  6/11
carter   120m  20   1.50     932  39.8   0.94     -13,358    38,059  -0.35 |     -11,720   0.72  5/12
carter   120m  26   0.85      33  42.4   2.38       5,772     2,631   2.19 |       5,603  12.78  6/9 
carter   120m  26   1.00      86  41.9   1.82       8,862     3,259   2.72 |       7,037  15.79  8/9 
carter   120m  26   1.15     198  42.4   1.35      12,194     5,520   2.21 |       3,759   1.95  9/8 
carter   120m  26   1.30     361  39.6   1.05       4,361    10,606   0.41 |       1,048   1.14  7/10
carter   120m  26   1.50     627  39.7   0.90     -15,542    23,595  -0.66 |      -6,933   0.65  4/13
break    30m   14   0.85     913  45.9   1.15      56,650    23,826   2.38 |        -847   0.99 10/7 
break    30m   14   1.00    1230  46.3   1.17      84,318    20,665   4.08 |       4,431   1.06 10/7 
break    30m   14   1.15    1417  45.4   1.14      80,908    29,724   2.72 |      -9,347   0.90 12/5 
break    30m   14   1.30    1511  44.7   1.09      59,176    32,720   1.81 |     -13,259   0.87 11/6 
break    30m   14   1.50    1593  44.1   1.08      51,355    30,502   1.68 |      -5,956   0.94 12/5 
break    30m   20   0.85     362  44.8   1.15      20,794    21,198   0.98 |       1,160   1.05  9/8 
break    30m   20   1.00     615  45.2   1.23      51,304    14,828   3.46 |       7,077   1.27 10/7 
break    30m   20   1.15     821  45.2   1.20      63,590    16,990   3.74 |       3,562   1.07  9/8 
break    30m   20   1.30     967  45.5   1.20      74,784    19,958   3.75 |       3,868   1.06  9/8 
break    30m   20   1.50    1146  45.1   1.15      66,923    27,745   2.41 |      -6,179   0.92 10/7 
break    30m   26   0.85     149  44.3   0.80     -13,253    27,010  -0.49 |       1,118   1.11  8/9 
break    30m   26   1.00     340  43.2   0.99      -1,907    21,153  -0.09 |      10,876   1.52  8/9 
break    30m   26   1.15     523  46.1   1.26      54,730    23,652   2.31 |      23,850   1.86 11/6 
break    30m   26   1.30     678  45.4   1.18      49,676    29,427   1.69 |      16,687   1.42 11/6 
break    30m   26   1.50     869  45.9   1.25      87,695    16,705   5.25 |      12,359   1.23 13/4 
break    60m   14   0.85     538  45.2   1.16      35,247    26,528   1.33 |      19,754   1.62 10/7 
break    60m   14   1.00     726  46.0   1.29      82,464    17,275   4.77 |      18,197   1.45 13/4 
break    60m   14   1.15     929  46.2   1.28     101,197    18,410   5.50 |      10,923   1.19 13/4 
break    60m   14   1.30    1081  45.5   1.23      98,803    21,687   4.56 |       6,094   1.09 13/4 
break    60m   14   1.50    1239  45.0   1.21     103,493    27,580   3.75 |      -3,315   0.96 11/6 
break    60m   20   0.85     164  50.0   1.54      33,600     6,649   5.05 |       4,969   1.38 15/2 
break    60m   20   1.00     313  48.6   1.76      80,334     9,277   8.66 |      18,200   2.12 12/5 
break    60m   20   1.15     469  46.7   1.61      97,534    12,376   7.88 |      15,499   1.57 14/3 
break    60m   20   1.30     609  46.1   1.44      97,610    14,140   6.90 |      11,707   1.34 13/4 
break    60m   20   1.50     832  47.8   1.37     111,870    16,215   6.90 |       9,871   1.21 13/4 
break    60m   26   0.85      57  49.1   2.06      13,880     5,768   2.41 |       5,278   3.03 11/6 
break    60m   26   1.00     140  46.4   1.96      35,975     6,430   5.59 |       1,984   1.32 11/6 
break    60m   26   1.15     231  47.6   1.92      63,181     9,739   6.49 |      16,783   3.04 12/5 
break    60m   26   1.30     359  45.7   1.48      57,345    10,556   5.43 |      18,635   1.95 11/6 
break    60m   26   1.50     548  46.5   1.32      68,037    12,330   5.52 |      13,866   1.46 13/4 
break    120m  14   0.85     253  46.6   2.00      66,941     9,316   7.19 |      18,870   4.07 12/5 
break    120m  14   1.00     411  44.8   1.30      44,885    14,539   3.09 |      17,827   1.84 12/5 
break    120m  14   1.15     610  46.1   1.27      63,433    15,207   4.17 |        -681   0.99 13/4 
break    120m  14   1.30     788  45.3   1.20      61,192    19,882   3.08 |      -3,723   0.93 12/5 
break    120m  14   1.50    1033  46.4   1.23      90,054    19,626   4.59 |      -2,087   0.97 14/3 
break    120m  20   0.85      79  43.0   0.75      -6,385    13,018  -0.49 |      -1,197   0.80  8/9 
break    120m  20   1.00     175  45.1   1.49      25,800     6,932   3.72 |      14,620   2.76 11/6 
break    120m  20   1.15     316  44.9   1.05       6,398    17,520   0.37 |       8,730   1.45 11/6 
break    120m  20   1.30     452  44.9   1.04       7,744    32,994   0.23 |        -650   0.98  8/9 
break    120m  20   1.50     669  45.4   1.06      17,286    35,057   0.49 |     -15,457   0.70  9/8 
break    120m  26   0.85      22  50.0   1.91       4,476     4,204   1.06 |       4,098   9.62  7/6 
break    120m  26   1.00      63  44.4   2.22      14,639     3,598   4.07 |       6,332  14.31 10/6 
break    120m  26   1.15     150  49.3   2.06      38,998     5,811   6.71 |       4,017   1.79 12/5 
break    120m  26   1.30     265  47.5   1.32      27,443     9,763   2.81 |         763   1.08 12/5 
break    120m  26   1.50     454  45.4   1.04       6,420    33,778   0.19 |     -12,929   0.55  8/9 

== NQ base 5m   control: ratio<=1.0 matches the round-4 squeeze gate on 317044 of 317044 bars
entry    gate  len  thr   trades   WR%     PF       net $   maxDD $    MAR |        LB $  LB PF  yrs+
carter   30m   14   0.85    2238  37.4   1.06      18,489    13,329   1.39 |      -6,039   0.89  7/10
carter   30m   14   1.00    3302  37.3   1.01       4,562    34,443   0.13 |     -18,632   0.76  6/11
carter   30m   14   1.15    4257  37.4   0.99      -8,217    46,815  -0.18 |     -23,660   0.77  5/12
carter   30m   14   1.30    5075  37.7   1.02      15,136    42,829   0.35 |     -17,274   0.84  7/10
carter   30m   14   1.50    5939  37.5   0.99      -8,571    57,657  -0.15 |     -13,549   0.90  6/11
carter   30m   20   0.85     935  37.1   1.22      24,506    11,614   2.11 |      -5,076   0.74  7/10
carter   30m   20   1.00    1746  38.3   1.07      16,000    17,913   0.89 |     -14,809   0.63  7/10
carter   30m   20   1.15    2637  37.7   1.04      15,207    19,732   0.77 |     -16,375   0.74  6/11
carter   30m   20   1.30    3485  37.1   0.99      -2,852    36,694  -0.08 |     -26,872   0.68  5/12
carter   30m   20   1.50    4462  37.5   1.02       9,432    36,896   0.26 |     -12,486   0.87  6/11
carter   30m   26   0.85     354  37.6   1.02         647     6,957   0.09 |      -2,266   0.65 11/6 
carter   30m   26   1.00     840  38.2   0.93      -8,627    26,637  -0.32 |     -18,122   0.30  7/10
carter   30m   26   1.15    1520  39.0   1.05      10,087    19,583   0.52 |     -12,527   0.69  8/9 
carter   30m   26   1.30    2234  38.7   1.01       2,540    23,102   0.11 |      -6,818   0.87  7/10
carter   30m   26   1.50    3142  38.4   1.07      29,671    29,172   1.02 |     -10,855   0.85  8/9 
carter   60m   14   0.85    1560  39.4   1.05      10,922    17,178   0.64 |     -13,841   0.67  7/10
carter   60m   14   1.00    2574  38.5   1.05      20,530    22,257   0.92 |      -7,549   0.88  7/10
carter   60m   14   1.15    3479  38.4   1.07      36,017    31,043   1.16 |       8,887   1.12  8/9 
carter   60m   14   1.30    4341  38.1   1.05      33,806    31,114   1.09 |       4,718   1.05  8/9 
carter   60m   14   1.50    5376  38.1   1.08      59,618    44,039   1.35 |      11,811   1.10  8/9 
carter   60m   20   0.85     540  42.0   1.75      47,301     6,622   7.14 |      -5,397   0.60 10/7 
carter   60m   20   1.00    1133  41.7   1.50      69,037    11,077   6.23 |        -321   0.99 11/6 
carter   60m   20   1.15    1867  41.1   1.34      80,383    14,242   5.64 |      10,182   1.30 11/6 
carter   60m   20   1.30    2629  39.7   1.21      74,693    16,000   4.67 |       8,371   1.17  7/10
carter   60m   20   1.50    3685  38.7   1.12      59,026    24,606   2.40 |       5,642   1.08  9/8 
carter   60m   26   0.85     205  44.4   1.80      14,521     2,448   5.93 |         797   1.28  8/8 
carter   60m   26   1.00     555  40.4   1.12       7,385     9,028   0.82 |      -3,048   0.73  8/9 
carter   60m   26   1.15    1019  40.8   1.11      13,894    13,837   1.00 |      -1,463   0.93  9/8 
carter   60m   26   1.30    1623  38.3   1.02       5,211    17,596   0.30 |      -2,754   0.92  9/8 
carter   60m   26   1.50    2585  38.1   1.17      60,618    21,707   2.79 |      14,104   1.29 10/7 
carter   120m  14   0.85    1155  39.0   0.91     -13,138    20,145  -0.65 |     -12,330   0.50  7/10
carter   120m  14   1.00    2005  38.9   1.21      53,625    20,760   2.58 |      10,863   1.28 10/7 
carter   120m  14   1.15    3032  38.1   1.16      64,458    18,452   3.49 |      13,088   1.22  9/8 
carter   120m  14   1.30    3996  38.1   1.09      51,458    19,555   2.63 |        -517   0.99  6/11
carter   120m  14   1.50    5251  37.8   1.06      47,277    26,093   1.81 |     -10,285   0.91  4/13
carter   120m  20   0.85     375  41.9   1.41      14,381     6,916   2.08 |       8,602   2.33 11/6 
carter   120m  20   1.00     840  38.8   1.28      28,071     9,022   3.11 |       8,820   1.50 12/5 
carter   120m  20   1.15    1528  38.9   1.27      52,188    14,856   3.51 |      22,666   1.89  9/8 
carter   120m  20   1.30    2343  38.1   1.04      12,585    21,369   0.59 |      12,858   1.32  7/10
carter   120m  20   1.50    3500  37.5   1.02       9,824    35,413   0.28 |      11,877   1.16  6/11
carter   120m  26   0.85     120  40.8   1.78       6,113     1,646   3.71 |       2,774   1.80 10/5 
carter   120m  26   1.00     323  37.8   1.18       4,450     2,925   1.52 |       2,456   1.43 11/6 
carter   120m  26   1.15     778  37.5   1.15      13,021    10,027   1.30 |       1,539   1.11 10/7 
carter   120m  26   1.30    1380  37.2   1.14      23,855    11,267   2.12 |       3,851   1.20 11/6 
carter   120m  26   1.50    2354  37.2   1.02       7,644    16,640   0.46 |      -5,575   0.88  9/8 
break    30m   14   0.85    1504  36.1   1.13      59,054    42,820   1.38 |      -9,342   0.86 10/7 
break    30m   14   1.00    2174  35.8   1.05      33,457    65,760   0.51 |     -13,367   0.86 10/7 
break    30m   14   1.15    2720  35.9   1.03      27,271    93,907   0.29 |     -32,131   0.74 11/6 
break    30m   14   1.30    3189  35.6   1.06      63,711    54,443   1.17 |      -8,285   0.94  9/8 
break    30m   14   1.50    3639  35.4   1.04      50,786    56,313   0.90 |      -9,988   0.94 10/7 
break    30m   20   0.85     641  36.0   1.29      51,825    21,627   2.40 |      -5,819   0.81 10/7 
break    30m   20   1.00    1185  36.2   1.10      34,095    45,600   0.75 |     -19,804   0.63  8/9 
break    30m   20   1.15    1753  35.9   1.10      53,782    69,973   0.77 |     -45,037   0.48 10/7 
break    30m   20   1.30    2261  36.0   1.08      54,106    57,315   0.94 |     -32,138   0.68  8/9 
break    30m   20   1.50    2848  36.2   1.06      57,976    60,826   0.95 |     -20,359   0.83  8/9 
break    30m   26   0.85     256  32.8   0.88      -8,319    19,734  -0.42 |      -6,146   0.42  6/11
break    30m   26   1.00     571  34.5   0.98      -4,242    43,876  -0.10 |     -17,084   0.51  7/10
break    30m   26   1.15    1003  35.5   1.15      47,965    52,605   0.91 |     -19,827   0.65 10/7 
break    30m   26   1.30    1454  36.3   1.19      84,460    41,515   2.03 |      -4,223   0.93  9/8 
break    30m   26   1.50    2004  36.0   1.16      99,413    43,812   2.27 |     -23,483   0.76  9/8 
break    60m   14   0.85    1022  35.4   1.14      42,940    47,282   0.91 |     -18,247   0.66  9/8 
break    60m   14   1.00    1660  35.4   1.15      80,773    41,797   1.93 |     -14,703   0.82 10/7 
break    60m   14   1.15    2200  36.4   1.23     156,881    39,845   3.94 |       8,848   1.09  9/8 
break    60m   14   1.30    2668  36.8   1.17     144,125    48,648   2.96 |      -6,376   0.95 10/7 
break    60m   14   1.50    3212  36.8   1.17     177,823    61,346   2.90 |       8,338   1.06 10/7 
break    60m   20   0.85     369  38.8   1.65      61,338    20,099   3.05 |      -3,763   0.78 10/7 
break    60m   20   1.00     737  38.4   1.62     122,176    32,078   3.81 |       3,177   1.09 12/5 
break    60m   20   1.15    1179  38.3   1.55     176,407    23,587   7.48 |      20,374   1.43 13/4 
break    60m   20   1.30    1628  36.9   1.39     185,170    33,616   5.51 |      20,485   1.32 12/5 
break    60m   20   1.50    2228  37.3   1.29     193,298    36,331   5.32 |      17,591   1.20 10/7 
break    60m   26   0.85     137  35.8   0.94      -1,990     9,536  -0.21 |        -751   0.77  9/7 
break    60m   26   1.00     355  35.2   1.16      14,504    16,070   0.90 |      -1,851   0.87  8/9 
break    60m   26   1.15     628  36.8   1.46      75,760    19,676   3.85 |      14,586   1.72 10/7 
break    60m   26   1.30     995  35.9   1.30      82,539    18,051   4.57 |      26,095   1.80 10/7 
break    60m   26   1.50    1549  37.6   1.31     146,622    26,632   5.51 |      34,806   1.57 11/6 
break    120m  14   0.85     715  36.5   1.28      52,063    21,156   2.46 |      13,319   1.44 10/7 
break    120m  14   1.00    1234  36.4   1.40     138,946    22,582   6.15 |      46,329   2.00  9/8 
break    120m  14   1.15    1810  36.5   1.33     174,129    28,739   6.06 |      39,376   1.56 11/6 
break    120m  14   1.30    2345  36.5   1.23     166,176    37,006   4.49 |      26,410   1.27 10/7 
break    120m  14   1.50    3059  37.2   1.18     178,351    24,969   7.14 |      13,656   1.10  9/8 
break    120m  20   0.85     233  34.3   1.17       9,763    19,008   0.51 |      17,381   2.55  8/9 
break    120m  20   1.00     510  34.1   1.27      37,665    17,422   2.16 |      28,613   2.20  9/8 
break    120m  20   1.15     944  33.9   1.14      41,484    36,174   1.15 |      42,880   2.20  8/9 
break    120m  20   1.30    1380  35.2   1.14      60,003    32,666   1.84 |      44,669   2.03 10/7 
break    120m  20   1.50    2046  35.8   1.12      81,767    21,408   3.82 |      35,431   1.41 10/7 
break    120m  26   0.85      71  43.7   2.06      13,773     3,906   3.53 |       6,495   1.91 11/4 
break    120m  26   1.00     199  29.1   1.18       7,345     6,471   1.14 |       8,325   1.97  8/9 
break    120m  26   1.15     490  33.7   1.17      22,855    12,995   1.76 |       1,928   1.11  8/9 
break    120m  26   1.30     854  35.4   1.24      60,006    13,824   4.34 |       4,563   1.20 10/7 
break    120m  26   1.50    1396  35.4   1.06      27,937    24,238   1.15 |     -18,023   0.72  9/8 

== ES base 15m   control: ratio<=1.0 matches the round-4 squeeze gate on 105668 of 105668 bars
entry    gate  len  thr   trades   WR%     PF       net $   maxDD $    MAR |        LB $  LB PF  yrs+
carter   30m   14   0.85    1284  41.1   0.98      -3,751    24,043  -0.16 |       7,632   1.37  6/11
carter   30m   14   1.00    1729  41.9   1.03       7,822    24,144   0.32 |       8,977   1.31  4/13
carter   30m   14   1.15    1961  41.5   1.04      12,425    32,157   0.39 |      11,215   1.34  5/12
carter   30m   14   1.30    2105  41.2   1.03       9,898    31,163   0.32 |      10,799   1.30  6/11
carter   30m   14   1.50    2233  41.2   1.00        -291    32,756  -0.01 |       6,859   1.16  6/11
carter   30m   20   0.85     500  41.2   0.95      -4,561    12,756  -0.36 |         688   1.07  8/9 
carter   30m   20   1.00     846  42.8   1.12      16,455    13,241   1.24 |       4,899   1.32  7/10
carter   30m   20   1.15    1152  41.6   1.05       8,892    15,964   0.56 |        -176   0.99  5/12
carter   30m   20   1.30    1383  41.4   1.00      -1,118    21,564  -0.05 |      -3,346   0.88  6/11
carter   30m   20   1.50    1629  41.5   0.99      -3,831    24,675  -0.16 |       2,325   1.08  9/8 
carter   30m   26   0.85     193  46.1   0.89      -3,157     9,672  -0.33 |       5,996   5.90  4/13
carter   30m   26   1.00     432  41.2   0.97      -2,481    13,098  -0.19 |       3,132   1.35  8/9 
carter   30m   26   1.15     689  42.5   1.06       7,293    12,886   0.57 |       6,688   1.64  7/10
carter   30m   26   1.30     919  41.9   1.04       6,494    14,317   0.45 |       3,356   1.21  6/11
carter   30m   26   1.50    1197  41.5   1.07      13,786    18,658   0.74 |      -1,848   0.92  8/9 
carter   60m   14   0.85     723  41.5   1.04       4,929    11,216   0.44 |       3,020   1.21  5/12
carter   60m   14   1.00    1019  41.4   0.98      -3,537    23,472  -0.15 |        -596   0.97  7/10
carter   60m   14   1.15    1277  42.0   1.10      20,377    17,972   1.13 |       2,333   1.10  8/9 
carter   60m   14   1.30    1507  42.7   1.13      32,310    16,716   1.93 |       6,277   1.21 10/7 
carter   60m   14   1.50    1747  42.8   1.09      25,231    22,104   1.14 |       4,972   1.14  8/9 
carter   60m   20   0.85     241  38.6   1.19       6,860     4,451   1.54 |       1,680   1.52  7/10
carter   60m   20   1.00     464  40.1   1.20      14,570     9,323   1.56 |       1,436   1.21 10/7 
carter   60m   20   1.15     686  43.6   1.40      39,014     6,928   5.63 |       6,435   1.71 12/5 
carter   60m   20   1.30     921  42.6   1.19      26,644     9,686   2.75 |       8,304   1.58  9/8 
carter   60m   20   1.50    1204  42.9   1.11      21,044    14,156   1.49 |       7,695   1.39  8/9 
carter   60m   26   0.85      87  41.4   1.77       7,421     2,461   3.02 |       1,046  12.22  8/8 
carter   60m   26   1.00     210  43.3   1.39      11,542     4,129   2.80 |         531   1.38 10/7 
carter   60m   26   1.15     398  42.5   1.43      22,683     5,093   4.45 |       1,637   1.45 11/6 
carter   60m   26   1.30     573  41.2   1.20      17,040     7,790   2.19 |       6,548   1.95 11/6 
carter   60m   26   1.50     837  43.0   1.17      21,502     8,595   2.50 |         356   1.02 10/7 
carter   120m  14   0.85     399  41.6   1.20      11,186     4,827   2.32 |       1,448   1.37  7/10
carter   120m  14   1.00     665  42.6   1.23      22,517     7,220   3.12 |       4,519   1.41 11/6 
carter   120m  14   1.15     921  41.9   1.08      12,133    11,786   1.03 |         514   1.03  7/10
carter   120m  14   1.30    1214  43.0   1.10      19,085    12,590   1.52 |      -1,639   0.93  8/9 
carter   120m  14   1.50    1569  44.2   1.13      31,393    15,738   1.99 |       3,728   1.14  8/9 
carter   120m  20   0.85     145  46.9   1.59      10,317     2,367   4.36 |         980   1.55 11/6 
carter   120m  20   1.00     301  41.9   1.26      10,671     4,481   2.38 |       4,190   2.29 11/6 
carter   120m  20   1.15     522  42.9   1.15      11,152    11,791   0.95 |       4,674   1.58  9/8 
carter   120m  20   1.30     757  42.8   1.01         688    16,363   0.04 |      -2,772   0.86  7/10
carter   120m  20   1.50    1060  41.9   0.99      -1,578    16,884  -0.09 |      -2,400   0.90  6/11
carter   120m  26   0.85      50  52.0   3.95       9,655       712  13.55 |       1,334   4.35 10/5 
carter   120m  26   1.00     125  40.0   1.31       4,638     2,390   1.94 |       1,298   3.02 11/6 
carter   120m  26   1.15     250  40.4   1.00         -25     8,728  -0.00 |      -2,807   0.42  8/9 
carter   120m  26   1.30     436  38.8   0.95      -3,233     9,259  -0.35 |      -1,754   0.84  7/10
carter   120m  26   1.50     717  41.8   0.93      -7,284    14,549  -0.50 |      -4,780   0.71  7/10
break    30m   14   0.85     941  46.3   1.15      35,007    21,665   1.62 |       8,611   1.35 11/6 
break    30m   14   1.00    1279  45.7   1.15      49,236    17,501   2.81 |       6,329   1.17  9/8 
break    30m   14   1.15    1449  45.6   1.15      55,502    18,901   2.94 |       4,147   1.10  8/9 
break    30m   14   1.30    1555  45.7   1.17      66,347    17,986   3.69 |       3,369   1.08 10/7 
break    30m   14   1.50    1646  45.6   1.14      57,988    18,353   3.16 |        -478   0.99 10/7 
break    30m   20   0.85     373  46.4   1.27      23,015    13,438   1.71 |       8,873   1.95 10/7 
break    30m   20   1.00     640  47.0   1.30      43,758    16,840   2.60 |       8,260   1.56 13/4 
break    30m   20   1.15     869  46.4   1.22      45,283    15,809   2.86 |       1,117   1.04  9/8 
break    30m   20   1.30    1039  47.3   1.19      46,695    19,847   2.35 |         238   1.01 10/7 
break    30m   20   1.50    1220  46.0   1.13      39,941    27,219   1.47 |        -279   0.99 10/7 
break    30m   26   0.85     149  49.0   1.51      15,788     5,493   2.87 |      11,032   5.67 10/7 
break    30m   26   1.00     336  44.6   1.25      21,678     9,226   2.35 |       3,061   1.26 11/6 
break    30m   26   1.15     524  47.1   1.36      44,992    10,058   4.47 |       9,373   1.68 12/5 
break    30m   26   1.30     701  47.6   1.28      47,451    17,184   2.76 |       5,454   1.27 12/5 
break    30m   26   1.50     906  46.0   1.23      51,824    16,442   3.15 |        -419   0.98 13/4 
break    60m   14   0.85     555  46.3   1.25      34,427    11,162   3.08 |       3,655   1.20 10/7 
break    60m   14   1.00     774  46.1   1.17      33,247    16,063   2.07 |       2,411   1.10 10/7 
break    60m   14   1.15     963  46.6   1.28      66,264    15,865   4.18 |       4,169   1.15 12/5 
break    60m   14   1.30    1142  46.7   1.30      81,296    11,568   7.03 |       5,211   1.16 11/6 
break    60m   14   1.50    1322  46.4   1.23      74,747    15,791   4.73 |      -2,100   0.95  9/8 
break    60m   20   0.85     181  46.4   1.75      26,482     4,837   5.47 |      -3,809   0.15 12/4 
break    60m   20   1.00     346  44.8   1.69      50,925     5,592   9.11 |      -2,740   0.68 14/3 
break    60m   20   1.15     523  47.0   1.63      69,128    10,377   6.66 |      -4,462   0.67 13/4 
break    60m   20   1.30     690  46.1   1.43      66,209     7,526   8.80 |        -294   0.98 12/5 
break    60m   20   1.50     895  48.0   1.45      89,743    10,540   8.51 |       3,086   1.13 13/4 
break    60m   26   0.85      71  40.8   1.85      10,061     2,608   3.86 |         233   1.53  9/7 
break    60m   26   1.00     158  43.7   1.54      18,766     5,284   3.55 |        -771   0.70  9/8 
break    60m   26   1.15     301  47.5   1.76      42,401     4,193  10.11 |       3,466   1.93  9/8 
break    60m   26   1.30     424  45.8   1.42      37,131     6,708   5.54 |       2,917   1.41 10/7 
break    60m   26   1.50     620  45.5   1.41      55,158     8,859   6.23 |       1,429   1.09  8/9 
break    120m  14   0.85     301  46.5   1.58      34,463     5,510   6.25 |       1,215   1.22 10/7 
break    120m  14   1.00     493  46.0   1.48      48,012     5,280   9.09 |        -971   0.92 11/6 
break    120m  14   1.15     678  46.2   1.43      63,302     9,773   6.48 |      -1,984   0.89 12/5 
break    120m  14   1.30     902  46.9   1.37      73,329     9,289   7.89 |       3,115   1.14 14/3 
break    120m  14   1.50    1152  47.3   1.36      91,232    10,651   8.57 |       2,900   1.10 15/2 
break    120m  20   0.85     112  50.0   1.98      18,670     3,158   5.91 |       1,499   2.11 11/6 
break    120m  20   1.00     222  51.4   1.85      33,629     3,806   8.83 |       1,960   1.53 11/6 
break    120m  20   1.15     387  46.8   1.48      37,977     6,659   5.70 |       2,734   1.30 11/6 
break    120m  20   1.30     568  44.7   1.24      30,060     9,873   3.04 |        -805   0.95 12/5 
break    120m  20   1.50     791  44.9   1.21      37,657     9,913   3.80 |        -627   0.97 11/6 
break    120m  26   0.85      40  57.5   4.18      12,963     1,310   9.89 |       1,927   8.54  9/6 
break    120m  26   1.00      87  52.9   2.30      18,002     1,603  11.23 |       1,006   1.85 12/5 
break    120m  26   1.15     188  50.0   1.80      26,703     4,027   6.63 |      -2,444   0.48 13/4 
break    120m  26   1.30     324  48.1   1.58      36,643     4,994   7.34 |         730   1.09 11/6 
break    120m  26   1.50     522  47.5   1.30      32,733     8,538   3.83 |       3,758   1.29 11/6 

== SURVIVORS (profit factor 1.15+, positive lockbox, 200+ trades), best first
inst base  entry    gate  len  thr   trades     PF       net $   maxDD $    MAR        LB $
ES   30m   carter   60m   20   1.00     314   2.06      45,790     3,896  11.75       5,140
ES   15m   break    60m   26   1.15     301   1.76      42,401     4,193  10.11       3,466
NQ   15m   carter   60m   20   1.00     424   1.69      62,461     6,385   9.78      10,896
ES   15m   break    120m  20   1.00     222   1.85      33,629     3,806   8.83       1,960
ES   30m   carter   120m  14   0.85     243   1.85      28,011     3,228   8.68       7,580
NQ   15m   break    60m   20   1.00     313   1.76      80,334     9,277   8.66      18,200
ES   15m   break    120m  14   1.50    1152   1.36      91,232    10,651   8.57       2,900
ES   15m   break    60m   20   1.50     895   1.45      89,743    10,540   8.51       3,086
ES   15m   break    120m  14   1.30     902   1.37      73,329     9,289   7.89       3,115
ES   30m   carter   60m   26   1.30     325   1.47      24,917     3,157   7.89       5,787
NQ   15m   break    60m   20   1.15     469   1.61      97,534    12,376   7.88      15,499
NQ   15m   carter   120m  14   0.85     342   1.86      50,551     6,650   7.60      17,805
ES   30m   break    60m   20   1.00     240   1.66      31,769     4,196   7.57       3,850
NQ   5m    break    60m   20   1.15    1179   1.55     176,407    23,587   7.48      20,374
ES   15m   break    120m  26   1.30     324   1.58      36,643     4,994   7.34         730
NQ   15m   carter   60m   26   1.15     320   1.84      50,737     7,043   7.20      16,221
NQ   15m   break    120m  14   0.85     253   2.00      66,941     9,316   7.19      18,870
ES   30m   carter   60m   26   1.50     439   1.42      30,053     4,197   7.16       6,116
NQ   5m    break    120m  14   1.50    3059   1.18     178,351    24,969   7.14      13,656
ES   15m   break    60m   14   1.30    1142   1.30      81,296    11,568   7.03       5,211
NQ   15m   break    60m   20   1.30     609   1.44      97,610    14,140   6.90      11,707
NQ   15m   break    60m   20   1.50     832   1.37     111,870    16,215   6.90       9,871
NQ   15m   break    60m   26   1.15     231   1.92      63,181     9,739   6.49      16,783
ES   30m   break    120m  14   1.30     433   1.45      43,252     6,728   6.43       7,759
ES   30m   carter   60m   20   1.30     537   1.46      41,865     6,527   6.41       5,640
NQ   15m   carter   60m   20   1.15     643   1.40      59,878     9,458   6.33      12,269
ES   15m   break    120m  14   0.85     301   1.58      34,463     5,510   6.25       1,215
ES   15m   break    60m   26   1.50     620   1.41      55,158     8,859   6.23       1,429
NQ   5m    break    120m  14   1.00    1234   1.40     138,946    22,582   6.15      46,329
NQ   5m    break    120m  14   1.15    1810   1.33     174,129    28,739   6.06      39,376
ES   30m   carter   60m   20   1.15     434   1.60      42,904     7,228   5.94       5,174
NQ   5m    carter   60m   26   0.85     205   1.80      14,521     2,448   5.93         797
ES   30m   carter   60m   26   1.15     231   1.59      22,019     3,785   5.82       6,078
ES   30m   carter   120m  14   1.15     492   1.45      36,884     6,341   5.82       2,666
ES   15m   break    120m  20   1.15     387   1.48      37,977     6,659   5.70       2,734
ES   30m   break    120m  14   1.50     519   1.43      49,350     8,672   5.69       3,109
NQ   5m    carter   60m   20   1.15    1867   1.34      80,383    14,242   5.64      10,182
ES   15m   carter   60m   20   1.15     686   1.40      39,014     6,928   5.63       6,435
ES   30m   break    120m  14   1.15     354   1.45      33,886     6,022   5.63       5,339
ES   30m   carter   60m   20   1.50     656   1.34      39,722     7,067   5.62       8,032
NQ   15m   carter   60m   20   1.30     832   1.29      56,903    10,136   5.61      10,807
ES   30m   break    60m   20   1.50     481   1.38      41,097     7,347   5.59       7,624
ES   30m   carter   120m  14   1.00     370   1.42      24,711     4,427   5.58       6,832
ES   15m   break    60m   26   1.30     424   1.42      37,131     6,708   5.54       2,917
NQ   15m   break    60m   26   1.50     548   1.32      68,037    12,330   5.52      13,866
NQ   5m    break    60m   20   1.30    1628   1.39     185,170    33,616   5.51      20,485
NQ   5m    break    60m   26   1.50    1549   1.31     146,622    26,632   5.51      34,806
NQ   15m   break    60m   14   1.15     929   1.28     101,197    18,410   5.50      10,923
NQ   15m   break    60m   26   1.30     359   1.48      57,345    10,556   5.43      18,635
NQ   5m    break    60m   20   1.50    2228   1.29     193,298    36,331   5.32      17,591
ES   30m   carter   120m  14   1.30     589   1.35      37,350     7,040   5.31       4,590
NQ   15m   break    30m   26   1.50     869   1.25      87,695    16,705   5.25      12,359
NQ   15m   carter   60m   26   1.30     488   1.43      45,255     9,244   4.90      11,108
NQ   15m   break    60m   14   1.00     726   1.29      82,464    17,275   4.77      18,197
NQ   5m    carter   60m   20   1.30    2629   1.21      74,693    16,000   4.67       8,371
NQ   5m    break    60m   26   1.30     995   1.30      82,539    18,051   4.57      26,095
NQ   15m   break    60m   14   1.30    1081   1.23      98,803    21,687   4.56       6,094
NQ   5m    break    120m  14   1.30    2345   1.23     166,176    37,006   4.49      26,410
ES   15m   break    30m   26   1.15     524   1.36      44,992    10,058   4.47       9,373
ES   15m   carter   60m   26   1.15     398   1.43      22,683     5,093   4.45       1,637
NQ   5m    break    120m  26   1.30     854   1.24      60,006    13,824   4.34       4,563
ES   15m   break    60m   14   1.15     963   1.28      66,264    15,865   4.18       4,169
ES   30m   break    60m   20   1.30     399   1.32      29,917     7,217   4.15       5,887
NQ   15m   break    30m   14   1.00    1230   1.17      84,318    20,665   4.08       4,431
NQ   5m    break    60m   14   1.15    2200   1.23     156,881    39,845   3.94       8,848
ES   30m   break    120m  20   1.50     355   1.33      25,952     6,728   3.86       2,075
NQ   5m    break    60m   26   1.15     628   1.46      75,760    19,676   3.85      14,586
ES   15m   break    120m  26   1.50     522   1.30      32,733     8,538   3.83       3,758
NQ   5m    break    60m   20   1.00     737   1.62     122,176    32,078   3.81       3,177
NQ   15m   break    30m   20   1.30     967   1.20      74,784    19,958   3.75       3,868
NQ   15m   break    30m   20   1.15     821   1.20      63,590    16,990   3.74       3,562
ES   15m   break    30m   14   1.30    1555   1.17      66,347    17,986   3.69       3,369
NQ   5m    carter   120m  20   1.15    1528   1.27      52,188    14,856   3.51      22,666
NQ   5m    carter   120m  14   1.15    3032   1.16      64,458    18,452   3.49      13,088
NQ   15m   break    30m   20   1.00     615   1.23      51,304    14,828   3.46       7,077
ES   30m   break    120m  20   1.30     267   1.33      18,728     5,492   3.41       7,008
ES   30m   break    60m   26   1.50     320   1.32      23,151     6,911   3.35       8,452
ES   15m   carter   120m  14   1.00     665   1.23      22,517     7,220   3.12       4,519
NQ   5m    carter   120m  20   1.00     840   1.28      28,071     9,022   3.11       8,820
NQ   15m   break    120m  14   1.00     411   1.30      44,885    14,539   3.09      17,827
ES   15m   break    60m   14   0.85     555   1.25      34,427    11,162   3.08       3,655
NQ   15m   carter   60m   14   1.50    1679   1.16      69,227    22,725   3.05         625
ES   30m   break    60m   20   1.15     322   1.25      20,474     6,856   2.99       2,989
ES   15m   break    30m   14   1.15    1449   1.15      55,502    18,901   2.94       4,147
NQ   15m   carter   60m   14   1.30    1451   1.17      63,138    21,509   2.94      11,572
NQ   5m    break    60m   14   1.50    3212   1.17     177,823    61,346   2.90       8,338
NQ   15m   carter   60m   14   1.15    1242   1.21      67,709    23,537   2.88      15,537
ES   15m   break    30m   20   1.15     869   1.22      45,283    15,809   2.86       1,117
NQ   15m   carter   120m  14   1.15     840   1.20      39,546    13,814   2.86       3,718
NQ   15m   carter   30m   20   0.85     492   1.26      31,093    10,882   2.86       3,351
ES   15m   break    30m   14   1.00    1279   1.15      49,236    17,501   2.81       6,329
NQ   15m   break    120m  26   1.30     265   1.32      27,443     9,763   2.81         763
ES   15m   carter   60m   26   1.00     210   1.39      11,542     4,129   2.80         531
NQ   5m    carter   60m   26   1.50    2585   1.17      60,618    21,707   2.79      14,104
ES   15m   break    30m   26   1.30     701   1.28      47,451    17,184   2.76       5,454
ES   15m   carter   60m   20   1.30     921   1.19      26,644     9,686   2.75       8,304
ES   30m   carter   60m   14   0.85     588   1.32      33,468    12,670   2.64       7,466
ES   30m   break    120m  20   1.15     200   1.30      11,900     4,512   2.64       4,344
ES   15m   break    30m   20   1.00     640   1.30      43,758    16,840   2.60       8,260
NQ   5m    carter   120m  14   1.00    2005   1.21      53,625    20,760   2.58      10,863
NQ   15m   carter   60m   20   0.85     215   1.45      23,912     9,259   2.58          31
NQ   15m   carter   60m   26   1.50     749   1.20      37,673    15,041   2.50         198
ES   15m   carter   60m   26   1.50     837   1.17      21,502     8,595   2.50         356
NQ   5m    break    120m  14   0.85     715   1.28      52,063    21,156   2.46      13,319
ES   15m   carter   120m  20   1.00     301   1.26      10,671     4,481   2.38       4,190
ES   15m   break    30m   20   1.30    1039   1.19      46,695    19,847   2.35         238
ES   15m   break    30m   26   1.00     336   1.25      21,678     9,226   2.35       3,061
ES   15m   carter   120m  14   0.85     399   1.20      11,186     4,827   2.32       1,448
NQ   15m   break    30m   26   1.15     523   1.26      54,730    23,652   2.31      23,850
ES   15m   carter   60m   26   1.30     573   1.20      17,040     7,790   2.19       6,548
NQ   5m    break    120m  20   1.00     510   1.27      37,665    17,422   2.16      28,613
ES   30m   break    120m  26   1.50     234   1.21      10,943     5,072   2.16       5,002
ES   30m   break    60m   26   1.30     236   1.25      13,330     6,193   2.15       5,118
NQ   15m   carter   120m  14   1.00     561   1.23      29,139    13,560   2.15      10,889
ES   30m   carter   120m  26   1.50     319   1.28      15,129     7,146   2.12       4,263
NQ   5m    carter   120m  20   0.85     375   1.41      14,381     6,916   2.08       8,602
ES   15m   break    60m   14   1.00     774   1.17      33,247    16,063   2.07       2,411
ES   30m   carter   60m   14   1.00     782   1.20      29,762    14,569   2.04       8,165
ES   30m   break    60m   14   0.85     420   1.22      23,158    11,708   1.98       6,195
NQ   5m    break    120m  26   1.15     490   1.17      22,855    12,995   1.76       1,928
ES   30m   carter   120m  20   1.30     363   1.18      12,084     7,019   1.72       2,904
ES   15m   break    30m   20   0.85     373   1.27      23,015    13,438   1.71       8,873
NQ   15m   break    30m   26   1.30     678   1.18      49,676    29,427   1.69      16,687
ES   15m   carter   60m   20   1.00     464   1.20      14,570     9,323   1.56       1,436
ES   15m   carter   60m   20   0.85     241   1.19       6,860     4,451   1.54       1,680
NQ   5m    carter   120m  26   1.00     323   1.18       4,450     2,925   1.52       2,456
ES   30m   carter   120m  26   1.30     200   1.19       6,087     4,209   1.45         475
NQ   15m   break    60m   14   0.85     538   1.16      35,247    26,528   1.33      19,754
NQ   5m    carter   120m  26   1.15     778   1.15      13,021    10,027   1.30       1,539
ES   15m   carter   120m  20   1.15     522   1.15      11,152    11,791   0.95       4,674
NQ   5m    break    120m  20   0.85     233   1.17       9,763    19,008   0.51      17,381
