TTM SQUEEZE ROUND 4 (higher-TF verification of shorter-TF entries) - window 2010-06-07..2026-06-30, LB from 2025-07-01

== NQ base 5m  bars=317,044
entry      HTF gate         trades   WR%     PF       net $   maxDD $    MAR |        IS $  IS PF |        LB $  LB PF  yrs+
carter     none               9053  37.2   1.01      16,730    97,828   0.17 |      -3,681   1.00 |      20,411   1.10  6/11
carter     60m sign           4709  37.1   0.98     -13,461    72,682  -0.19 |     -23,746   0.96 |      10,285   1.10  4/13
carter     60m rising         2470  37.6   0.96     -12,746    37,356  -0.34 |     -11,218   0.96 |      -1,528   0.97  6/11
carter     120m sign          4751  37.4   1.01       4,919    70,301   0.07 |     -31,283   0.94 |      36,202   1.43  5/12
carter     daily sign         4693  37.7   0.95     -32,402    65,722  -0.49 |     -46,243   0.92 |      13,841   1.15  6/11
carter     60m squeeze on     1133  41.7   1.50      69,037    11,077   6.23 |      69,358   1.61 |        -321   0.99 11/6 
carter     60m fired<=3        432  39.4   0.95      -3,384    16,545  -0.20 |      -5,507   0.89 |       2,123   1.20  9/8 
carter     60m+120m stack     3621  37.0   0.95     -22,855    57,347  -0.40 |     -47,261   0.89 |      24,406   1.35  4/13
break      none               5059  35.6   1.05      87,239    63,729   1.37 |      65,521   1.05 |      21,718   1.10  7/10
break      60m sign           2987  35.8   1.03      31,219    78,997   0.40 |      -9,113   0.99 |      40,332   1.32  7/10
break      60m rising         1622  36.1   1.03      14,734    52,285   0.28 |      -8,320   0.98 |      23,055   1.33  4/13
break      120m sign          2985  36.8   1.07      60,883    67,149   0.91 |      13,091   1.02 |      47,792   1.41  7/10
break      daily sign         2967  36.9   0.98     -22,392    69,490  -0.32 |     -28,845   0.97 |       6,452   1.05  6/11
break      60m squeeze on      737  38.4   1.62     122,176    32,078   3.81 |     118,999   1.74 |       3,177   1.09 12/5 
break      60m fired<=3        298  36.6   1.33      29,773    22,956   1.30 |       9,050   1.11 |      20,722   4.03 13/4 
break      60m+120m stack     2300  35.7   0.98     -12,581    76,588  -0.16 |     -50,768   0.92 |      38,187   1.42  6/11

== NQ base 15m  bars=105,665
entry      HTF gate         trades   WR%     PF       net $   maxDD $    MAR |        IS $  IS PF |        LB $  LB PF  yrs+
carter     none               2495  39.0   1.03      17,280    26,523   0.65 |      17,989   1.03 |        -708   0.99  7/10
carter     60m sign           1246  39.1   0.94     -19,676    59,688  -0.33 |     -15,216   0.95 |      -4,460   0.91  6/11
carter     60m rising          671  40.4   1.10      17,250    31,986   0.54 |      12,352   1.09 |       4,898   1.18 11/6 
carter     120m sign          1297  40.2   0.93     -23,981    46,724  -0.51 |     -28,678   0.90 |       4,697   1.10  6/11
carter     daily sign         1315  38.6   1.06      18,548    22,134   0.84 |       4,628   1.02 |      13,920   1.34  7/10
carter     60m squeeze on      424  41.7   1.69      62,461     6,385   9.78 |      51,565   1.68 |      10,896   1.73 11/6 
carter     60m fired<=3         72  41.7   1.69       9,475     3,569   2.65 |      11,612   2.01 |      -2,136   0.00  6/10
carter     60m+120m stack      978  39.0   0.81     -49,997    53,944  -0.93 |     -42,619   0.81 |      -7,378   0.81  4/13
break      none               1792  44.1   1.03      26,120    44,366   0.59 |      45,643   1.07 |     -19,524   0.84 10/7 
break      60m sign            943  44.5   0.93     -28,552    72,510  -0.39 |     -27,617   0.92 |        -935   0.98  9/8 
break      60m rising          532  45.3   1.02       5,090    39,529   0.13 |         372   1.00 |       4,719   1.16 10/7 
break      120m sign           979  45.1   0.94     -24,270    72,692  -0.33 |     -36,327   0.90 |      12,058   1.25  9/8 
break      daily sign          966  45.5   1.12      47,218    28,096   1.68 |      34,162   1.10 |      13,056   1.27  9/8 
break      60m squeeze on      313  48.6   1.76      80,334     9,277   8.66 |      62,135   1.70 |      18,200   2.12 12/5 
break      60m fired<=3         60  43.3   1.49       7,855     3,031   2.59 |       7,855   1.49 |           0   0.00  7/8 
break      60m+120m stack      749  43.8   0.77     -73,173    84,809  -0.86 |     -66,282   0.76 |      -6,892   0.82  5/12

== NQ base 30m  bars=52,860
entry      HTF gate         trades   WR%     PF       net $   maxDD $    MAR |        IS $  IS PF |        LB $  LB PF  yrs+
carter     none               1032  46.4   1.17      56,274    44,708   1.26 |      63,667   1.23 |      -7,393   0.86  8/9 
carter     60m sign            550  47.6   1.22      37,871    22,698   1.67 |      31,876   1.21 |       5,995   1.31 11/6 
carter     60m rising          339  47.8   1.36      33,617    13,386   2.51 |      33,585   1.43 |          32   1.00 11/6 
carter     120m sign           521  48.2   1.24      37,456    25,005   1.50 |      26,868   1.19 |      10,588   1.69 12/5 
carter     daily sign          513  49.1   1.15      24,822    22,058   1.13 |      30,434   1.22 |      -5,611   0.73  9/8 
carter     60m squeeze on      337  48.7   1.45      45,695    12,373   3.69 |      39,331   1.45 |       6,364   1.44 13/4 
carter     60m fired<=3         38  42.1   1.09       1,046     5,580   0.19 |       1,998   1.22 |        -952   0.58  8/7 
carter     60m+120m stack      405  48.6   1.22      26,575    19,469   1.37 |      15,455   1.14 |      11,121   2.14 11/6 
break      none                756  50.1   1.04      14,168    55,537   0.26 |      44,727   1.16 |     -30,559   0.54  7/10
break      60m sign            420  53.3   1.09      16,877    29,734   0.57 |      23,485   1.14 |      -6,608   0.77  9/8 
break      60m rising          262  54.2   1.17      19,887    20,487   0.97 |      32,035   1.35 |     -12,149   0.50  9/8 
break      120m sign           408  54.7   1.13      23,733    24,772   0.96 |      21,516   1.14 |       2,216   1.11 10/7 
break      daily sign          394  53.0   1.02       3,685    39,289   0.09 |      12,518   1.08 |      -8,833   0.65  9/8 
break      60m squeeze on      242  54.5   1.40      36,625    12,724   2.88 |      36,558   1.47 |          67   1.01 13/4 
break      60m fired<=3         29  51.7   0.85      -1,866     6,900  -0.27 |         218   1.02 |      -2,083   0.39  8/5 
break      60m+120m stack      319  55.8   1.09      12,437    23,590   0.53 |       8,639   1.07 |       3,798   1.25 10/7 

== ES base 5m  bars=317,047
entry      HTF gate         trades   WR%     PF       net $   maxDD $    MAR |        IS $  IS PF |        LB $  LB PF  yrs+
carter     none               9436  34.3   0.93     -63,280   147,019  -0.43 |     -65,833   0.92 |       2,553   1.03  6/11
carter     60m sign           4820  34.9   0.93     -32,832    68,434  -0.48 |     -29,639   0.92 |      -3,193   0.94  3/14
carter     60m rising         2599  35.9   1.00        -402    34,761  -0.01 |       3,114   1.02 |      -3,516   0.86  5/12
carter     120m sign          4887  34.7   0.90     -44,695    73,913  -0.60 |     -46,664   0.88 |       1,969   1.04  4/13
carter     daily sign         4874  34.8   0.93     -31,218    65,193  -0.48 |     -47,089   0.88 |      15,871   1.35  4/13
carter     60m squeeze on     1207  36.5   1.21      20,783     8,391   2.48 |      20,248   1.23 |         535   1.05  8/9 
carter     60m fired<=3        443  33.6   0.86      -5,050     8,592  -0.59 |      -4,133   0.87 |        -918   0.81  6/11
carter     60m+120m stack     3624  34.8   0.87     -41,717    53,867  -0.77 |     -42,218   0.85 |         501   1.01  5/12
break      none               5196  34.7   0.98     -17,412    64,078  -0.27 |     -18,577   0.98 |       1,165   1.01  6/11
break      60m sign           3055  35.0   0.96     -27,505    67,629  -0.41 |     -35,051   0.94 |       7,546   1.11  6/11
break      60m rising         1706  35.1   0.94     -21,684    61,595  -0.35 |     -24,015   0.93 |       2,331   1.06  5/12
break      120m sign          3036  36.5   0.97     -19,145    54,497  -0.35 |     -38,637   0.93 |      19,492   1.33  6/11
break      daily sign         3081  37.0   0.96     -23,476    41,118  -0.57 |     -37,703   0.94 |      14,227   1.22  6/11
break      60m squeeze on      765  37.6   1.35      47,859     9,408   5.09 |      46,445   1.38 |       1,414   1.10  9/8 
break      60m fired<=3        310  38.4   0.91      -5,973    16,096  -0.37 |      -8,090   0.86 |       2,117   1.49  8/9 
break      60m+120m stack     2289  35.7   0.92     -38,335    68,776  -0.56 |     -57,883   0.87 |      19,548   1.45  5/12

== ES base 15m  bars=105,668
entry      HTF gate         trades   WR%     PF       net $   maxDD $    MAR |        IS $  IS PF |        LB $  LB PF  yrs+
carter     none               2553  41.8   0.98      -6,431    33,134  -0.19 |      -8,558   0.98 |       2,127   1.04  7/10
carter     60m sign           1243  41.3   0.90     -20,868    26,547  -0.79 |     -13,580   0.92 |      -7,288   0.74  7/10
carter     60m rising          713  40.8   0.90     -11,357    17,443  -0.65 |      -9,164   0.91 |      -2,193   0.83  7/10
carter     120m sign          1259  42.8   0.93     -13,682    26,773  -0.51 |      -9,618   0.95 |      -4,064   0.85  7/10
carter     daily sign         1317  42.1   1.00        -442    17,744  -0.02 |      -9,225   0.95 |       8,782   1.47  5/12
carter     60m squeeze on      464  40.1   1.20      14,570     9,323   1.56 |      13,133   1.20 |       1,436   1.21 10/7 
carter     60m fired<=3         80  42.5   0.62      -4,691     7,034  -0.67 |      -3,943   0.65 |        -748   0.40  5/12
carter     60m+120m stack      925  41.5   0.83     -26,040    27,938  -0.93 |     -20,466   0.85 |      -5,574   0.75  5/12
break      none               1861  45.2   1.11      52,503    24,377   2.15 |      50,735   1.12 |       1,768   1.03 10/7 
break      60m sign            943  46.7   1.07      16,756    19,399   0.86 |      13,064   1.06 |       3,692   1.14  9/8 
break      60m rising          560  45.2   1.09      13,338    15,982   0.83 |       8,270   1.06 |       5,069   1.39 11/6 
break      120m sign           932  47.6   1.10      21,219    19,474   1.09 |      17,675   1.09 |       3,544   1.13 10/7 
break      daily sign          973  47.7   1.14      32,084    19,099   1.68 |      26,047   1.12 |       6,037   1.27 10/7 
break      60m squeeze on      346  44.8   1.69      50,925     5,592   9.11 |      53,665   1.82 |      -2,740   0.68 14/3 
break      60m fired<=3         62  46.8   1.17       2,615     5,484   0.48 |       2,975   1.21 |        -361   0.62  8/8 
break      60m+120m stack      700  46.7   0.99      -1,841    18,896  -0.10 |      -3,323   0.98 |       1,482   1.07  8/9 

== ES base 30m  bars=52,861
entry      HTF gate         trades   WR%     PF       net $   maxDD $    MAR |        IS $  IS PF |        LB $  LB PF  yrs+
carter     none               1037  44.6   1.09      17,752    20,064   0.88 |      19,454   1.11 |      -1,702   0.94  9/8 
carter     60m sign            545  44.2   1.09       8,509    10,910   0.78 |       8,125   1.10 |         385   1.03  8/9 
carter     60m rising          345  43.2   1.04       2,755    13,681   0.20 |       6,218   1.11 |      -3,464   0.70  9/8 
carter     120m sign           502  46.6   1.08       7,232    17,127   0.42 |       6,280   1.08 |         952   1.09 10/7 
carter     daily sign          536  47.2   1.13      13,177     6,634   1.99 |      11,527   1.13 |       1,650   1.16 10/7 
carter     60m squeeze on      314  51.6   2.06      45,790     3,896  11.75 |      40,650   2.03 |       5,140   2.31 14/3 
carter     60m fired<=3         44  34.1   0.80      -2,110     4,971  -0.42 |      -3,524   0.66 |       1,414  99.00  6/11
carter     60m+120m stack      386  43.5   0.89      -7,917    13,788  -0.57 |      -5,097   0.92 |      -2,821   0.73  9/8 
break      none                753  51.0   1.11      23,151    15,355   1.51 |      25,730   1.14 |      -2,580   0.89 10/7 
break      60m sign            408  49.3   1.04       4,184    10,086   0.41 |       6,468   1.07 |      -2,284   0.81 10/7 
break      60m rising          268  48.5   1.02       1,260    13,324   0.09 |       6,192   1.11 |      -4,932   0.57  7/10
break      120m sign           383  52.2   1.11      10,217    18,652   0.55 |       7,557   1.09 |       2,660   1.41  9/8 
break      daily sign          408  52.0   1.17      16,819     9,478   1.77 |      12,985   1.14 |       3,834   1.49  9/8 
break      60m squeeze on      240  54.2   1.66      31,769     4,196   7.57 |      27,919   1.61 |       3,850   2.33 13/4 
break      60m fired<=3         33  51.5   0.62      -5,143     8,144  -0.63 |      -6,556   0.52 |       1,414  99.00  8/8 
break      60m+120m stack      290  49.0   0.95      -3,757    14,782  -0.25 |      -2,940   0.96 |        -817   0.87  8/9 
